<node pkg="perception" type="perception.py" name="perception"/>

<arg name="depth_fps"           value="10" />
<arg name="color_fps"           value="10" />
<arg name="depth_fps"           value="10" />

^C
robot@robot:~/BASHFUL_WS$ rosrun perception perception.py 
NEW IMAGE RECEIVED
NEW VALUES! Detected: 1 and 
 [[6, 648.5685882568359, 375.537841796875, 0.08202165, 0, -1]]
NEW VALUES! Detected: 2 and 
 [[6, 648.5109100341797, 376.50030517578125, 0.075924195, 0, -1], 
 [6, 648.5685882568359, 375.537841796875, 0.08202165, 0, -1]]
NEW VALUES! Detected: 3 and 
 [[6, 648.5109100341797, 376.50030517578125, 0.075924195, 0, -1], 
 [6, 648.5685882568359, 375.537841796875, 0.08202165, 0, -1], 
 [6, 652.1060485839844, 375.70550537109375, 0.09473967, 0, -1]]
NEW VALUES! Detected: 4 and 
 [[6, 648.5109100341797, 376.50030517578125, 0.075924195, 0, -1], 
 [6, 648.5685882568359, 375.537841796875, 0.08202165, 0, -1], 
 [6, 651.2606964111328, 375.63934326171875, 0.0888677, 0, -1], 
 [6, 652.1060485839844, 375.70550537109375, 0.09473967, 0, -1]]
NEW VALUES! Detected: 5 and 
 [[6, 648.5109100341797, 376.50030517578125, 0.075924195, 0, -1], 
 [6, 648.5685882568359, 375.537841796875, 0.08202165, 0, -1], 
 [6, 650.0988464355469, 376.0233459472656, 0.12718163, 0, -1], 
 [6, 651.2606964111328, 375.63934326171875, 0.0888677, 0, -1], 
 [6, 652.1060485839844, 375.70550537109375, 0.09473967, 0, -1]]
NEW VALUES! Detected: 6 and 
 [[6, 648.5109100341797, 376.50030517578125, 0.075924195, 0, -1], [6, 648.5685882568359, 375.537841796875, 0.08202165, 0, -1], [6, 650.0988464355469, 376.0233459472656, 0.12718163, 0, -1], [6, 650.9346313476562, 375.2642517089844, 0.0955282, 0, -1], [6, 651.2606964111328, 375.63934326171875, 0.0888677, 0, -1], [6, 652.1060485839844, 375.70550537109375, 0.09473967, 0, -1]]
NEW VALUES! Detected: 7 and 
 [[6, 648.5109100341797, 376.50030517578125, 0.075924195, 0, -1], [6, 648.5685882568359, 375.537841796875, 0.08202165, 0, -1], [6, 649.6714324951172, 376.0221862792969, 0.10055214, 0, -1], [6, 650.0988464355469, 376.0233459472656, 0.12718163, 0, -1], [6, 650.9346313476562, 375.2642517089844, 0.0955282, 0, -1], [6, 651.2606964111328, 375.63934326171875, 0.0888677, 0, -1], [6, 652.1060485839844, 375.70550537109375, 0.09473967, 0, -1]]
NEW VALUES! Detected: 8 and 
 [[6, 648.0570373535156, 375.78338623046875, 0.07661197, 0, -1], [6, 648.5109100341797, 376.50030517578125, 0.075924195, 0, -1], [6, 648.5685882568359, 375.537841796875, 0.08202165, 0, -1], [6, 649.6714324951172, 376.0221862792969, 0.10055214, 0, -1], [6, 650.0988464355469, 376.0233459472656, 0.12718163, 0, -1], [6, 650.9346313476562, 375.2642517089844, 0.0955282, 0, -1], [6, 651.2606964111328, 375.63934326171875, 0.0888677, 0, -1], [6, 652.1060485839844, 375.70550537109375, 0.09473967, 0, -1]]
NEW VALUES! Detected: 9 and 
 [[6, 648.0570373535156, 375.78338623046875, 0.07661197, 0, -1], [6, 648.5109100341797, 376.50030517578125, 0.075924195, 0, -1], [6, 648.5685882568359, 375.537841796875, 0.08202165, 0, -1], [6, 649.6714324951172, 376.0221862792969, 0.10055214, 0, -1], [6, 650.0988464355469, 376.0233459472656, 0.12718163, 0, -1], [6, 650.6377716064453, 375.8293762207031, 0.099306785, 0, -1], [6, 650.9346313476562, 375.2642517089844, 0.0955282, 0, -1], [6, 651.2606964111328, 375.63934326171875, 0.0888677, 0, -1], [6, 652.1060485839844, 375.70550537109375, 0.09473967, 0, -1]]
NEW VALUES! Detected: 10 and 
 [[6, 648.0570373535156, 375.78338623046875, 0.07661197, 0, -1], [6, 648.5109100341797, 376.50030517578125, 0.075924195, 0, -1], [6, 648.5685882568359, 375.537841796875, 0.08202165, 0, -1], [6, 649.6714324951172, 376.0221862792969, 0.10055214, 0, -1], [6, 649.9029235839844, 376.2012939453125, 0.0805364, 0, -1], [6, 650.0988464355469, 376.0233459472656, 0.12718163, 0, -1], [6, 650.6377716064453, 375.8293762207031, 0.099306785, 0, -1], [6, 650.9346313476562, 375.2642517089844, 0.0955282, 0, -1], [6, 651.2606964111328, 375.63934326171875, 0.0888677, 0, -1], [6, 652.1060485839844, 375.70550537109375, 0.09473967, 0, -1]]
NEW VALUES! Detected: 11 and 
 [[6, 648.0570373535156, 375.78338623046875, 0.07661197, 0, -1], [6, 648.5109100341797, 376.50030517578125, 0.075924195, 0, -1], [6, 648.5685882568359, 375.537841796875, 0.08202165, 0, -1], [6, 649.6714324951172, 376.0221862792969, 0.10055214, 0, -1], [6, 649.9029235839844, 376.2012939453125, 0.0805364, 0, -1], [6, 650.0988464355469, 376.0233459472656, 0.12718163, 0, -1], [6, 650.3615112304688, 376.2965087890625, 0.084789515, 0, -1], [6, 650.6377716064453, 375.8293762207031, 0.099306785, 0, -1], [6, 650.9346313476562, 375.2642517089844, 0.0955282, 0, -1], [6, 651.2606964111328, 375.63934326171875, 0.0888677, 0, -1], [6, 652.1060485839844, 375.70550537109375, 0.09473967, 0, -1]]
NEW VALUES! Detected: 12 and 
 [[6, 648.0570373535156, 375.78338623046875, 0.07661197, 0, -1], [6, 648.5109100341797, 376.50030517578125, 0.075924195, 0, -1], [6, 648.5685882568359, 375.537841796875, 0.08202165, 0, -1], [6, 649.6714324951172, 376.0221862792969, 0.10055214, 0, -1], [6, 649.9029235839844, 376.2012939453125, 0.0805364, 0, -1], [6, 650.0988464355469, 376.0233459472656, 0.12718163, 0, -1], [6, 650.3615112304688, 376.2965087890625, 0.084789515, 0, -1], [6, 650.6377716064453, 375.8293762207031, 0.099306785, 0, -1], [6, 650.7872314453125, 375.45269775390625, 0.09016933, 0, -1], [6, 650.9346313476562, 375.2642517089844, 0.0955282, 0, -1], [6, 651.2606964111328, 375.63934326171875, 0.0888677, 0, -1], [6, 652.1060485839844, 375.70550537109375, 0.09473967, 0, -1]]
NEW VALUES! Detected: 13 and 
 [[6, 648.0570373535156, 375.78338623046875, 0.07661197, 0, -1], [6, 648.5109100341797, 376.50030517578125, 0.075924195, 0, -1], [6, 648.5685882568359, 375.537841796875, 0.08202165, 0, -1], [6, 649.6714324951172, 376.0221862792969, 0.10055214, 0, -1], [6, 649.9029235839844, 376.2012939453125, 0.0805364, 0, -1], [6, 650.0988464355469, 376.0233459472656, 0.12718163, 0, -1], [6, 650.3615112304688, 376.2965087890625, 0.084789515, 0, -1], [6, 650.6377716064453, 375.8293762207031, 0.099306785, 0, -1], [6, 650.7872314453125, 375.45269775390625, 0.09016933, 0, -1], [6, 650.9346313476562, 375.2642517089844, 0.0955282, 0, -1], [6, 651.2606964111328, 375.63934326171875, 0.0888677, 0, -1], [6, 651.9576873779297, 375.28173828125, 0.11611727, 0, -1], [6, 652.1060485839844, 375.70550537109375, 0.09473967, 0, -1]]
NEW VALUES! Detected: 14 and 
 [[6, 648.0570373535156, 375.78338623046875, 0.07661197, 0, -1], [6, 648.5109100341797, 376.50030517578125, 0.075924195, 0, -1], [6, 648.5685882568359, 375.537841796875, 0.08202165, 0, -1], [6, 649.1104431152344, 376.0246276855469, 0.07943383, 0, -1], [6, 649.6714324951172, 376.0221862792969, 0.10055214, 0, -1], [6, 649.9029235839844, 376.2012939453125, 0.0805364, 0, -1], [6, 650.0988464355469, 376.0233459472656, 0.12718163, 0, -1], [6, 650.3615112304688, 376.2965087890625, 0.084789515, 0, -1], [6, 650.6377716064453, 375.8293762207031, 0.099306785, 0, -1], [6, 650.7872314453125, 375.45269775390625, 0.09016933, 0, -1], [6, 650.9346313476562, 375.2642517089844, 0.0955282, 0, -1], [6, 651.2606964111328, 375.63934326171875, 0.0888677, 0, -1], [6, 651.9576873779297, 375.28173828125, 0.11611727, 0, -1], [6, 652.1060485839844, 375.70550537109375, 0.09473967, 0, -1]]
NEW VALUES! Detected: 15 and 
 [[6, 648.0570373535156, 375.78338623046875, 0.07661197, 0, -1], [6, 648.5107727050781, 375.3638000488281, 0.077067174, 0, -1], [6, 648.5109100341797, 376.50030517578125, 0.075924195, 0, -1], [6, 648.5685882568359, 375.537841796875, 0.08202165, 0, -1], [6, 649.1104431152344, 376.0246276855469, 0.07943383, 0, -1], [6, 649.6714324951172, 376.0221862792969, 0.10055214, 0, -1], [6, 649.9029235839844, 376.2012939453125, 0.0805364, 0, -1], [6, 650.0988464355469, 376.0233459472656, 0.12718163, 0, -1], [6, 650.3615112304688, 376.2965087890625, 0.084789515, 0, -1], [6, 650.6377716064453, 375.8293762207031, 0.099306785, 0, -1], [6, 650.7872314453125, 375.45269775390625, 0.09016933, 0, -1], [6, 650.9346313476562, 375.2642517089844, 0.0955282, 0, -1], [6, 651.2606964111328, 375.63934326171875, 0.0888677, 0, -1], [6, 651.9576873779297, 375.28173828125, 0.11611727, 0, -1], [6, 652.1060485839844, 375.70550537109375, 0.09473967, 0, -1]]
NEW VALUES! Detected: 16 and 
 [[6, 648.0570373535156, 375.78338623046875, 0.07661197, 0, -1], [6, 648.5107727050781, 375.3638000488281, 0.077067174, 0, -1], [6, 648.5109100341797, 376.50030517578125, 0.075924195, 0, -1], [6, 648.5685882568359, 375.537841796875, 0.08202165, 0, -1], [6, 649.1104431152344, 376.0246276855469, 0.07943383, 0, -1], [6, 649.6714324951172, 376.0221862792969, 0.10055214, 0, -1], [6, 649.9029235839844, 376.2012939453125, 0.0805364, 0, -1], [6, 650.0988464355469, 376.0233459472656, 0.12718163, 0, -1], [6, 650.3615112304688, 376.2965087890625, 0.084789515, 0, -1], [6, 650.37890625, 376.4962158203125, 0.0811217, 0, -1], [6, 650.6377716064453, 375.8293762207031, 0.099306785, 0, -1], [6, 650.7872314453125, 375.45269775390625, 0.09016933, 0, -1], [6, 650.9346313476562, 375.2642517089844, 0.0955282, 0, -1], [6, 651.2606964111328, 375.63934326171875, 0.0888677, 0, -1], [6, 651.9576873779297, 375.28173828125, 0.11611727, 0, -1], [6, 652.1060485839844, 375.70550537109375, 0.09473967, 0, -1]]
NEW VALUES! Detected: 17 and 
 [[6, 648.0570373535156, 375.78338623046875, 0.07661197, 0, -1], [6, 648.5107727050781, 375.3638000488281, 0.077067174, 0, -1], [6, 648.5109100341797, 376.50030517578125, 0.075924195, 0, -1], [6, 648.5685882568359, 375.537841796875, 0.08202165, 0, -1], [6, 649.1104431152344, 376.0246276855469, 0.07943383, 0, -1], [6, 649.6714324951172, 376.0221862792969, 0.10055214, 0, -1], [6, 649.9029235839844, 376.2012939453125, 0.0805364, 0, -1], [6, 650.0988464355469, 376.0233459472656, 0.12718163, 0, -1], [6, 650.3615112304688, 376.2965087890625, 0.084789515, 0, -1], [6, 650.37890625, 376.4962158203125, 0.0811217, 0, -1], [6, 650.6377716064453, 375.8293762207031, 0.099306785, 0, -1], [6, 650.7872314453125, 375.45269775390625, 0.09016933, 0, -1], [6, 650.9346313476562, 375.2642517089844, 0.0955282, 0, -1], [6, 651.1239624023438, 376.15972900390625, 0.084965155, 0, -1], [6, 651.2606964111328, 375.63934326171875, 0.0888677, 0, -1], [6, 651.9576873779297, 375.28173828125, 0.11611727, 0, -1], [6, 652.1060485839844, 375.70550537109375, 0.09473967, 0, -1]]
NEW VALUES! Detected: 18 and 
 [[6, 647.36572265625, 375.9067687988281, 0.11567371, 0, -1], [6, 648.0570373535156, 375.78338623046875, 0.07661197, 0, -1], [6, 648.5107727050781, 375.3638000488281, 0.077067174, 0, -1], [6, 648.5109100341797, 376.50030517578125, 0.075924195, 0, -1], [6, 648.5685882568359, 375.537841796875, 0.08202165, 0, -1], [6, 649.1104431152344, 376.0246276855469, 0.07943383, 0, -1], [6, 649.6714324951172, 376.0221862792969, 0.10055214, 0, -1], [6, 649.9029235839844, 376.2012939453125, 0.0805364, 0, -1], [6, 650.0988464355469, 376.0233459472656, 0.12718163, 0, -1], [6, 650.3615112304688, 376.2965087890625, 0.084789515, 0, -1], [6, 650.37890625, 376.4962158203125, 0.0811217, 0, -1], [6, 650.6377716064453, 375.8293762207031, 0.099306785, 0, -1], [6, 650.7872314453125, 375.45269775390625, 0.09016933, 0, -1], [6, 650.9346313476562, 375.2642517089844, 0.0955282, 0, -1], [6, 651.1239624023438, 376.15972900390625, 0.084965155, 0, -1], [6, 651.2606964111328, 375.63934326171875, 0.0888677, 0, -1], [6, 651.9576873779297, 375.28173828125, 0.11611727, 0, -1], [6, 652.1060485839844, 375.70550537109375, 0.09473967, 0, -1]]
NEW VALUES! Detected: 19 and 
 [[6, 647.36572265625, 375.9067687988281, 0.11567371, 0, -1], [6, 648.0570373535156, 375.78338623046875, 0.07661197, 0, -1], [6, 648.5107727050781, 375.3638000488281, 0.077067174, 0, -1], [6, 648.5109100341797, 376.50030517578125, 0.075924195, 0, -1], [6, 648.5685882568359, 375.537841796875, 0.08202165, 0, -1], [6, 649.1104431152344, 376.0246276855469, 0.07943383, 0, -1], [6, 649.6714324951172, 376.0221862792969, 0.10055214, 0, -1], [6, 649.7161102294922, 375.8908386230469, 0.10413292, 0, -1], [6, 649.9029235839844, 376.2012939453125, 0.0805364, 0, -1], [6, 650.0988464355469, 376.0233459472656, 0.12718163, 0, -1], [6, 650.3615112304688, 376.2965087890625, 0.084789515, 0, -1], [6, 650.37890625, 376.4962158203125, 0.0811217, 0, -1], [6, 650.6377716064453, 375.8293762207031, 0.099306785, 0, -1], [6, 650.7872314453125, 375.45269775390625, 0.09016933, 0, -1], [6, 650.9346313476562, 375.2642517089844, 0.0955282, 0, -1], [6, 651.1239624023438, 376.15972900390625, 0.084965155, 0, -1], [6, 651.2606964111328, 375.63934326171875, 0.0888677, 0, -1], [6, 651.9576873779297, 375.28173828125, 0.11611727, 0, -1], [6, 652.1060485839844, 375.70550537109375, 0.09473967, 0, -1]]
NEW VALUES! Detected: 20 and 
 [[6, 647.3389434814453, 376.13653564453125, 0.08803398, 0, -1], [6, 647.36572265625, 375.9067687988281, 0.11567371, 0, -1], [6, 648.0570373535156, 375.78338623046875, 0.07661197, 0, -1], [6, 648.5107727050781, 375.3638000488281, 0.077067174, 0, -1], [6, 648.5109100341797, 376.50030517578125, 0.075924195, 0, -1], [6, 648.5685882568359, 375.537841796875, 0.08202165, 0, -1], [6, 649.1104431152344, 376.0246276855469, 0.07943383, 0, -1], [6, 649.6714324951172, 376.0221862792969, 0.10055214, 0, -1], [6, 649.7161102294922, 375.8908386230469, 0.10413292, 0, -1], [6, 649.9029235839844, 376.2012939453125, 0.0805364, 0, -1], [6, 650.0988464355469, 376.0233459472656, 0.12718163, 0, -1], [6, 650.3615112304688, 376.2965087890625, 0.084789515, 0, -1], [6, 650.37890625, 376.4962158203125, 0.0811217, 0, -1], [6, 650.6377716064453, 375.8293762207031, 0.099306785, 0, -1], [6, 650.7872314453125, 375.45269775390625, 0.09016933, 0, -1], [6, 650.9346313476562, 375.2642517089844, 0.0955282, 0, -1], [6, 651.1239624023438, 376.15972900390625, 0.084965155, 0, -1], [6, 651.2606964111328, 375.63934326171875, 0.0888677, 0, -1], [6, 651.9576873779297, 375.28173828125, 0.11611727, 0, -1], [6, 652.1060485839844, 375.70550537109375, 0.09473967, 0, -1]]
trying to restart
NEW VALUES! Detected: 21 and 
 [[6, 647.3389434814453, 376.13653564453125, 0.08803398, 0, -1], [6, 647.36572265625, 375.9067687988281, 0.11567371, 0, -1], [6, 648.0570373535156, 375.78338623046875, 0.07661197, 0, -1], [6, 648.5107727050781, 375.3638000488281, 0.077067174, 0, -1], [6, 648.5109100341797, 376.50030517578125, 0.075924195, 0, -1], [6, 648.5685882568359, 375.537841796875, 0.08202165, 0, -1], [6, 649.1104431152344, 376.0246276855469, 0.07943383, 0, -1], [6, 649.6714324951172, 376.0221862792969, 0.10055214, 0, -1], [6, 649.7161102294922, 375.8908386230469, 0.10413292, 0, -1], [6, 649.9029235839844, 376.2012939453125, 0.0805364, 0, -1], [6, 649.9889831542969, 375.43035888671875, 0.07704686, 0, -1], [6, 650.0988464355469, 376.0233459472656, 0.12718163, 0, -1], [6, 650.3615112304688, 376.2965087890625, 0.084789515, 0, -1], [6, 650.37890625, 376.4962158203125, 0.0811217, 0, -1], [6, 650.6377716064453, 375.8293762207031, 0.099306785, 0, -1], [6, 650.7872314453125, 375.45269775390625, 0.09016933, 0, -1], [6, 650.9346313476562, 375.2642517089844, 0.0955282, 0, -1], [6, 651.1239624023438, 376.15972900390625, 0.084965155, 0, -1], [6, 651.2606964111328, 375.63934326171875, 0.0888677, 0, -1], [6, 651.9576873779297, 375.28173828125, 0.11611727, 0, -1], [6, 652.1060485839844, 375.70550537109375, 0.09473967, 0, -1]]
NEW VALUES! Detected: 22 and 
 [[6, 647.3389434814453, 376.13653564453125, 0.08803398, 0, -1], [6, 647.36572265625, 375.9067687988281, 0.11567371, 0, -1], [6, 648.0570373535156, 375.78338623046875, 0.07661197, 0, -1], [6, 648.5107727050781, 375.3638000488281, 0.077067174, 0, -1], [6, 648.5109100341797, 376.50030517578125, 0.075924195, 0, -1], [6, 648.5685882568359, 375.537841796875, 0.08202165, 0, -1], [6, 649.1104431152344, 376.0246276855469, 0.07943383, 0, -1], [6, 649.6714324951172, 376.0221862792969, 0.10055214, 0, -1], [6, 649.7161102294922, 375.8908386230469, 0.10413292, 0, -1], [6, 649.9029235839844, 376.2012939453125, 0.0805364, 0, -1], [6, 649.9889831542969, 375.43035888671875, 0.07704686, 0, -1], [6, 650.0988464355469, 376.0233459472656, 0.12718163, 0, -1], [6, 650.3615112304688, 376.2965087890625, 0.084789515, 0, -1], [6, 650.37890625, 376.4962158203125, 0.0811217, 0, -1], [6, 650.6377716064453, 375.8293762207031, 0.099306785, 0, -1], [6, 650.7872314453125, 375.45269775390625, 0.09016933, 0, -1], [6, 650.9346313476562, 375.2642517089844, 0.0955282, 0, -1], [6, 650.9680480957031, 376.6880187988281, 0.08503227, 0, -1], [6, 651.1239624023438, 376.15972900390625, 0.084965155, 0, -1], [6, 651.2606964111328, 375.63934326171875, 0.0888677, 0, -1], [6, 651.9576873779297, 375.28173828125, 0.11611727, 0, -1], [6, 652.1060485839844, 375.70550537109375, 0.09473967, 0, -1]]
NEW VALUES! Detected: 23 and 
 [[6, 647.3389434814453, 376.13653564453125, 0.08803398, 0, -1], [6, 647.36572265625, 375.9067687988281, 0.11567371, 0, -1], [6, 648.0570373535156, 375.78338623046875, 0.07661197, 0, -1], [6, 648.5107727050781, 375.3638000488281, 0.077067174, 0, -1], [6, 648.5109100341797, 376.50030517578125, 0.075924195, 0, -1], [6, 648.5685882568359, 375.537841796875, 0.08202165, 0, -1], [6, 648.7728881835938, 375.3678894042969, 0.09864164, 0, -1], [6, 649.1104431152344, 376.0246276855469, 0.07943383, 0, -1], [6, 649.6714324951172, 376.0221862792969, 0.10055214, 0, -1], [6, 649.7161102294922, 375.8908386230469, 0.10413292, 0, -1], [6, 649.9029235839844, 376.2012939453125, 0.0805364, 0, -1], [6, 649.9889831542969, 375.43035888671875, 0.07704686, 0, -1], [6, 650.0988464355469, 376.0233459472656, 0.12718163, 0, -1], [6, 650.3615112304688, 376.2965087890625, 0.084789515, 0, -1], [6, 650.37890625, 376.4962158203125, 0.0811217, 0, -1], [6, 650.6377716064453, 375.8293762207031, 0.099306785, 0, -1], [6, 650.7872314453125, 375.45269775390625, 0.09016933, 0, -1], [6, 650.9346313476562, 375.2642517089844, 0.0955282, 0, -1], [6, 650.9680480957031, 376.6880187988281, 0.08503227, 0, -1], [6, 651.1239624023438, 376.15972900390625, 0.084965155, 0, -1], [6, 651.2606964111328, 375.63934326171875, 0.0888677, 0, -1], [6, 651.9576873779297, 375.28173828125, 0.11611727, 0, -1], [6, 652.1060485839844, 375.70550537109375, 0.09473967, 0, -1]]
NEW VALUES! Detected: 24 and 
 [[6, 647.3389434814453, 376.13653564453125, 0.08803398, 0, -1], [6, 647.36572265625, 375.9067687988281, 0.11567371, 0, -1], [6, 648.0570373535156, 375.78338623046875, 0.07661197, 0, -1], [6, 648.5107727050781, 375.3638000488281, 0.077067174, 0, -1], [6, 648.5109100341797, 376.50030517578125, 0.075924195, 0, -1], [6, 648.5685882568359, 375.537841796875, 0.08202165, 0, -1], [6, 648.7728881835938, 375.3678894042969, 0.09864164, 0, -1], [6, 648.9548950195312, 375.9959411621094, 0.07767384, 0, -1], [6, 649.1104431152344, 376.0246276855469, 0.07943383, 0, -1], [6, 649.6714324951172, 376.0221862792969, 0.10055214, 0, -1], [6, 649.7161102294922, 375.8908386230469, 0.10413292, 0, -1], [6, 649.9029235839844, 376.2012939453125, 0.0805364, 0, -1], [6, 649.9889831542969, 375.43035888671875, 0.07704686, 0, -1], [6, 650.0988464355469, 376.0233459472656, 0.12718163, 0, -1], [6, 650.3615112304688, 376.2965087890625, 0.084789515, 0, -1], [6, 650.37890625, 376.4962158203125, 0.0811217, 0, -1], [6, 650.6377716064453, 375.8293762207031, 0.099306785, 0, -1], [6, 650.7872314453125, 375.45269775390625, 0.09016933, 0, -1], [6, 650.9346313476562, 375.2642517089844, 0.0955282, 0, -1], [6, 650.9680480957031, 376.6880187988281, 0.08503227, 0, -1], [6, 651.1239624023438, 376.15972900390625, 0.084965155, 0, -1], [6, 651.2606964111328, 375.63934326171875, 0.0888677, 0, -1], [6, 651.9576873779297, 375.28173828125, 0.11611727, 0, -1], [6, 652.1060485839844, 375.70550537109375, 0.09473967, 0, -1]]
NEW VALUES! Detected: 25 and 
 [[6, 647.3389434814453, 376.13653564453125, 0.08803398, 0, -1], [6, 647.36572265625, 375.9067687988281, 0.11567371, 0, -1], [6, 648.0570373535156, 375.78338623046875, 0.07661197, 0, -1], [6, 648.5107727050781, 375.3638000488281, 0.077067174, 0, -1], [6, 648.5109100341797, 376.50030517578125, 0.075924195, 0, -1], [6, 648.5685882568359, 375.537841796875, 0.08202165, 0, -1], [6, 648.6469573974609, 376.68389892578125, 0.117610805, 0, -1], [6, 648.7728881835938, 375.3678894042969, 0.09864164, 0, -1], [6, 648.9548950195312, 375.9959411621094, 0.07767384, 0, -1], [6, 649.1104431152344, 376.0246276855469, 0.07943383, 0, -1], [6, 649.6714324951172, 376.0221862792969, 0.10055214, 0, -1], [6, 649.7161102294922, 375.8908386230469, 0.10413292, 0, -1], [6, 649.9029235839844, 376.2012939453125, 0.0805364, 0, -1], [6, 649.9889831542969, 375.43035888671875, 0.07704686, 0, -1], [6, 650.0988464355469, 376.0233459472656, 0.12718163, 0, -1], [6, 650.3615112304688, 376.2965087890625, 0.084789515, 0, -1], [6, 650.37890625, 376.4962158203125, 0.0811217, 0, -1], [6, 650.6377716064453, 375.8293762207031, 0.099306785, 0, -1], [6, 650.7872314453125, 375.45269775390625, 0.09016933, 0, -1], [6, 650.9346313476562, 375.2642517089844, 0.0955282, 0, -1], [6, 650.9680480957031, 376.6880187988281, 0.08503227, 0, -1], [6, 651.1239624023438, 376.15972900390625, 0.084965155, 0, -1], [6, 651.2606964111328, 375.63934326171875, 0.0888677, 0, -1], [6, 651.9576873779297, 375.28173828125, 0.11611727, 0, -1], [6, 652.1060485839844, 375.70550537109375, 0.09473967, 0, -1]]
NEW VALUES! Detected: 26 and 
 [[6, 647.3389434814453, 376.13653564453125, 0.08803398, 0, -1], [6, 647.36572265625, 375.9067687988281, 0.11567371, 0, -1], [6, 648.0570373535156, 375.78338623046875, 0.07661197, 0, -1], [6, 648.5107727050781, 375.3638000488281, 0.077067174, 0, -1], [6, 648.5109100341797, 376.50030517578125, 0.075924195, 0, -1], [6, 648.5685882568359, 375.537841796875, 0.08202165, 0, -1], [6, 648.6469573974609, 376.68389892578125, 0.117610805, 0, -1], [6, 648.7728881835938, 375.3678894042969, 0.09864164, 0, -1], [6, 648.9548950195312, 375.9959411621094, 0.07767384, 0, -1], [6, 649.1104431152344, 376.0246276855469, 0.07943383, 0, -1], [6, 649.2437438964844, 376.21075439453125, 0.09546792, 0, -1], [6, 649.6714324951172, 376.0221862792969, 0.10055214, 0, -1], [6, 649.7161102294922, 375.8908386230469, 0.10413292, 0, -1], [6, 649.9029235839844, 376.2012939453125, 0.0805364, 0, -1], [6, 649.9889831542969, 375.43035888671875, 0.07704686, 0, -1], [6, 650.0988464355469, 376.0233459472656, 0.12718163, 0, -1], [6, 650.3615112304688, 376.2965087890625, 0.084789515, 0, -1], [6, 650.37890625, 376.4962158203125, 0.0811217, 0, -1], [6, 650.6377716064453, 375.8293762207031, 0.099306785, 0, -1], [6, 650.7872314453125, 375.45269775390625, 0.09016933, 0, -1], [6, 650.9346313476562, 375.2642517089844, 0.0955282, 0, -1], [6, 650.9680480957031, 376.6880187988281, 0.08503227, 0, -1], [6, 651.1239624023438, 376.15972900390625, 0.084965155, 0, -1], [6, 651.2606964111328, 375.63934326171875, 0.0888677, 0, -1], [6, 651.9576873779297, 375.28173828125, 0.11611727, 0, -1], [6, 652.1060485839844, 375.70550537109375, 0.09473967, 0, -1]]
NEW VALUES! Detected: 27 and 
 [[6, 647.3389434814453, 376.13653564453125, 0.08803398, 0, -1], [6, 647.36572265625, 375.9067687988281, 0.11567371, 0, -1], [6, 648.0570373535156, 375.78338623046875, 0.07661197, 0, -1], [6, 648.5107727050781, 375.3638000488281, 0.077067174, 0, -1], [6, 648.5109100341797, 376.50030517578125, 0.075924195, 0, -1], [6, 648.5685882568359, 375.537841796875, 0.08202165, 0, -1], [6, 648.6469573974609, 376.68389892578125, 0.117610805, 0, -1], [6, 648.7728881835938, 375.3678894042969, 0.09864164, 0, -1], [6, 648.9548950195312, 375.9959411621094, 0.07767384, 0, -1], [6, 649.1104431152344, 376.0246276855469, 0.07943383, 0, -1], [6, 649.2437438964844, 376.21075439453125, 0.09546792, 0, -1], [6, 649.6714324951172, 376.0221862792969, 0.10055214, 0, -1], [6, 649.7161102294922, 375.8908386230469, 0.10413292, 0, -1], [6, 649.9029235839844, 376.2012939453125, 0.0805364, 0, -1], [6, 649.9889831542969, 375.43035888671875, 0.07704686, 0, -1], [6, 650.0988464355469, 376.0233459472656, 0.12718163, 0, -1], [6, 650.3615112304688, 376.2965087890625, 0.084789515, 0, -1], [6, 650.37890625, 376.4962158203125, 0.0811217, 0, -1], [6, 650.6377716064453, 375.8293762207031, 0.099306785, 0, -1], [6, 650.7872314453125, 375.45269775390625, 0.09016933, 0, -1], [6, 650.9346313476562, 375.2642517089844, 0.0955282, 0, -1], [6, 650.9680480957031, 376.6880187988281, 0.08503227, 0, -1], [6, 650.9694213867188, 375.572021484375, 0.08672641, 0, -1], [6, 651.1239624023438, 376.15972900390625, 0.084965155, 0, -1], [6, 651.2606964111328, 375.63934326171875, 0.0888677, 0, -1], [6, 651.9576873779297, 375.28173828125, 0.11611727, 0, -1], [6, 652.1060485839844, 375.70550537109375, 0.09473967, 0, -1]]
NEW VALUES! Detected: 28 and 
 [[6, 647.3389434814453, 376.13653564453125, 0.08803398, 0, -1], [6, 647.36572265625, 375.9067687988281, 0.11567371, 0, -1], [6, 648.0570373535156, 375.78338623046875, 0.07661197, 0, -1], [6, 648.5107727050781, 375.3638000488281, 0.077067174, 0, -1], [6, 648.5109100341797, 376.50030517578125, 0.075924195, 0, -1], [6, 648.5685882568359, 375.537841796875, 0.08202165, 0, -1], [6, 648.6469573974609, 376.68389892578125, 0.117610805, 0, -1], [6, 648.7728881835938, 375.3678894042969, 0.09864164, 0, -1], [6, 648.9548950195312, 375.9959411621094, 0.07767384, 0, -1], [6, 649.1104431152344, 376.0246276855469, 0.07943383, 0, -1], [6, 649.1655578613281, 375.69873046875, 0.070210226, 0, -1], [6, 649.2437438964844, 376.21075439453125, 0.09546792, 0, -1], [6, 649.6714324951172, 376.0221862792969, 0.10055214, 0, -1], [6, 649.7161102294922, 375.8908386230469, 0.10413292, 0, -1], [6, 649.9029235839844, 376.2012939453125, 0.0805364, 0, -1], [6, 649.9889831542969, 375.43035888671875, 0.07704686, 0, -1], [6, 650.0988464355469, 376.0233459472656, 0.12718163, 0, -1], [6, 650.3615112304688, 376.2965087890625, 0.084789515, 0, -1], [6, 650.37890625, 376.4962158203125, 0.0811217, 0, -1], [6, 650.6377716064453, 375.8293762207031, 0.099306785, 0, -1], [6, 650.7872314453125, 375.45269775390625, 0.09016933, 0, -1], [6, 650.9346313476562, 375.2642517089844, 0.0955282, 0, -1], [6, 650.9680480957031, 376.6880187988281, 0.08503227, 0, -1], [6, 650.9694213867188, 375.572021484375, 0.08672641, 0, -1], [6, 651.1239624023438, 376.15972900390625, 0.084965155, 0, -1], [6, 651.2606964111328, 375.63934326171875, 0.0888677, 0, -1], [6, 651.9576873779297, 375.28173828125, 0.11611727, 0, -1], [6, 652.1060485839844, 375.70550537109375, 0.09473967, 0, -1]]
NEW VALUES! Detected: 29 and 
 [[6, 647.3389434814453, 376.13653564453125, 0.08803398, 0, -1], [6, 647.36572265625, 375.9067687988281, 0.11567371, 0, -1], [6, 648.0570373535156, 375.78338623046875, 0.07661197, 0, -1], [6, 648.5107727050781, 375.3638000488281, 0.077067174, 0, -1], [6, 648.5109100341797, 376.50030517578125, 0.075924195, 0, -1], [6, 648.5685882568359, 375.537841796875, 0.08202165, 0, -1], [6, 648.6469573974609, 376.68389892578125, 0.117610805, 0, -1], [6, 648.7728881835938, 375.3678894042969, 0.09864164, 0, -1], [6, 648.9548950195312, 375.9959411621094, 0.07767384, 0, -1], [6, 649.1104431152344, 376.0246276855469, 0.07943383, 0, -1], [6, 649.1655578613281, 375.69873046875, 0.070210226, 0, -1], [6, 649.2437438964844, 376.21075439453125, 0.09546792, 0, -1], [6, 649.6714324951172, 376.0221862792969, 0.10055214, 0, -1], [6, 649.7161102294922, 375.8908386230469, 0.10413292, 0, -1], [6, 649.9029235839844, 376.2012939453125, 0.0805364, 0, -1], [6, 649.9889831542969, 375.43035888671875, 0.07704686, 0, -1], [6, 650.0988464355469, 376.0233459472656, 0.12718163, 0, -1], [6, 650.3615112304688, 376.2965087890625, 0.084789515, 0, -1], [6, 650.37890625, 376.4962158203125, 0.0811217, 0, -1], [6, 650.6377716064453, 375.8293762207031, 0.099306785, 0, -1], [6, 650.7872314453125, 375.45269775390625, 0.09016933, 0, -1], [6, 650.9346313476562, 375.2642517089844, 0.0955282, 0, -1], [6, 650.9680480957031, 376.6880187988281, 0.08503227, 0, -1], [6, 650.9694213867188, 375.572021484375, 0.08672641, 0, -1], [6, 651.1239624023438, 376.15972900390625, 0.084965155, 0, -1], [6, 651.2606964111328, 375.63934326171875, 0.0888677, 0, -1], [6, 651.4825744628906, 375.9959411621094, 0.07525091, 0, -1], [6, 651.9576873779297, 375.28173828125, 0.11611727, 0, -1], [6, 652.1060485839844, 375.70550537109375, 0.09473967, 0, -1]]
NEW VALUES! Detected: 30 and 
 [[6, 647.3389434814453, 376.13653564453125, 0.08803398, 0, -1], [6, 647.36572265625, 375.9067687988281, 0.11567371, 0, -1], [6, 648.0570373535156, 375.78338623046875, 0.07661197, 0, -1], [6, 648.5107727050781, 375.3638000488281, 0.077067174, 0, -1], [6, 648.5109100341797, 376.50030517578125, 0.075924195, 0, -1], [6, 648.5685882568359, 375.537841796875, 0.08202165, 0, -1], [6, 648.6469573974609, 376.68389892578125, 0.117610805, 0, -1], [6, 648.7728881835938, 375.3678894042969, 0.09864164, 0, -1], [6, 648.9548950195312, 375.9959411621094, 0.07767384, 0, -1], [6, 649.1104431152344, 376.0246276855469, 0.07943383, 0, -1], [6, 649.1655578613281, 375.69873046875, 0.070210226, 0, -1], [6, 649.2437438964844, 376.21075439453125, 0.09546792, 0, -1], [6, 649.6714324951172, 376.0221862792969, 0.10055214, 0, -1], [6, 649.7161102294922, 375.8908386230469, 0.10413292, 0, -1], [6, 649.9029235839844, 376.2012939453125, 0.0805364, 0, -1], [6, 649.9889831542969, 375.43035888671875, 0.07704686, 0, -1], [6, 650.0988464355469, 376.0233459472656, 0.12718163, 0, -1], [6, 650.3615112304688, 376.2965087890625, 0.084789515, 0, -1], [6, 650.37890625, 376.4962158203125, 0.0811217, 0, -1], [6, 650.6377716064453, 375.8293762207031, 0.099306785, 0, -1], [6, 650.7872314453125, 375.45269775390625, 0.09016933, 0, -1], [6, 650.9346313476562, 375.2642517089844, 0.0955282, 0, -1], [6, 650.9523010253906, 376.56280517578125, 0.094968565, 0, -1], [6, 650.9680480957031, 376.6880187988281, 0.08503227, 0, -1], [6, 650.9694213867188, 375.572021484375, 0.08672641, 0, -1], [6, 651.1239624023438, 376.15972900390625, 0.084965155, 0, -1], [6, 651.2606964111328, 375.63934326171875, 0.0888677, 0, -1], [6, 651.4825744628906, 375.9959411621094, 0.07525091, 0, -1], [6, 651.9576873779297, 375.28173828125, 0.11611727, 0, -1], [6, 652.1060485839844, 375.70550537109375, 0.09473967, 0, -1]]
NEW VALUES! Detected: 31 and 
 [[6, 647.3389434814453, 376.13653564453125, 0.08803398, 0, -1], [6, 647.36572265625, 375.9067687988281, 0.11567371, 0, -1], [6, 648.0570373535156, 375.78338623046875, 0.07661197, 0, -1], [6, 648.5107727050781, 375.3638000488281, 0.077067174, 0, -1], [6, 648.5109100341797, 376.50030517578125, 0.075924195, 0, -1], [6, 648.5685882568359, 375.537841796875, 0.08202165, 0, -1], [6, 648.6469573974609, 376.68389892578125, 0.117610805, 0, -1], [6, 648.7728881835938, 375.3678894042969, 0.09864164, 0, -1], [6, 648.9548950195312, 375.9959411621094, 0.07767384, 0, -1], [6, 649.1104431152344, 376.0246276855469, 0.07943383, 0, -1], [6, 649.1655578613281, 375.69873046875, 0.070210226, 0, -1], [6, 649.2437438964844, 376.21075439453125, 0.09546792, 0, -1], [6, 649.6714324951172, 376.0221862792969, 0.10055214, 0, -1], [6, 649.7161102294922, 375.8908386230469, 0.10413292, 0, -1], [6, 649.9029235839844, 376.2012939453125, 0.0805364, 0, -1], [6, 649.9889831542969, 375.43035888671875, 0.07704686, 0, -1], [6, 650.0988464355469, 376.0233459472656, 0.12718163, 0, -1], [6, 650.3615112304688, 376.2965087890625, 0.084789515, 0, -1], [6, 650.37890625, 376.4962158203125, 0.0811217, 0, -1], [6, 650.6377716064453, 375.8293762207031, 0.099306785, 0, -1], [6, 650.7872314453125, 375.45269775390625, 0.09016933, 0, -1], [6, 650.9346313476562, 375.2642517089844, 0.0955282, 0, -1], [6, 650.9523010253906, 376.56280517578125, 0.094968565, 0, -1], [6, 650.9680480957031, 376.6880187988281, 0.08503227, 0, -1], [6, 650.9694213867188, 375.572021484375, 0.08672641, 0, -1], [6, 651.1239624023438, 376.15972900390625, 0.084965155, 0, -1], [6, 651.2606964111328, 375.63934326171875, 0.0888677, 0, -1], [6, 651.4825744628906, 375.9959411621094, 0.07525091, 0, -1], [6, 651.6148681640625, 375.6611328125, 0.088594116, 0, -1], [6, 651.9576873779297, 375.28173828125, 0.11611727, 0, -1], [6, 652.1060485839844, 375.70550537109375, 0.09473967, 0, -1]]
NEW VALUES! Detected: 32 and 
 [[6, 647.3389434814453, 376.13653564453125, 0.08803398, 0, -1], [6, 647.36572265625, 375.9067687988281, 0.11567371, 0, -1], [6, 648.0570373535156, 375.78338623046875, 0.07661197, 0, -1], [6, 648.5107727050781, 375.3638000488281, 0.077067174, 0, -1], [6, 648.5109100341797, 376.50030517578125, 0.075924195, 0, -1], [6, 648.5685882568359, 375.537841796875, 0.08202165, 0, -1], [6, 648.6469573974609, 376.68389892578125, 0.117610805, 0, -1], [6, 648.7728881835938, 375.3678894042969, 0.09864164, 0, -1], [6, 648.9548950195312, 375.9959411621094, 0.07767384, 0, -1], [6, 649.1104431152344, 376.0246276855469, 0.07943383, 0, -1], [6, 649.1655578613281, 375.69873046875, 0.070210226, 0, -1], [6, 649.2437438964844, 376.21075439453125, 0.09546792, 0, -1], [6, 649.6714324951172, 376.0221862792969, 0.10055214, 0, -1], [6, 649.7161102294922, 375.8908386230469, 0.10413292, 0, -1], [6, 649.9029235839844, 376.2012939453125, 0.0805364, 0, -1], [6, 649.9889831542969, 375.43035888671875, 0.07704686, 0, -1], [6, 650.0988464355469, 376.0233459472656, 0.12718163, 0, -1], [6, 650.3117523193359, 376.6604309082031, 0.09227498, 0, -1], [6, 650.3615112304688, 376.2965087890625, 0.084789515, 0, -1], [6, 650.37890625, 376.4962158203125, 0.0811217, 0, -1], [6, 650.6377716064453, 375.8293762207031, 0.099306785, 0, -1], [6, 650.7872314453125, 375.45269775390625, 0.09016933, 0, -1], [6, 650.9346313476562, 375.2642517089844, 0.0955282, 0, -1], [6, 650.9523010253906, 376.56280517578125, 0.094968565, 0, -1], [6, 650.9680480957031, 376.6880187988281, 0.08503227, 0, -1], [6, 650.9694213867188, 375.572021484375, 0.08672641, 0, -1], [6, 651.1239624023438, 376.15972900390625, 0.084965155, 0, -1], [6, 651.2606964111328, 375.63934326171875, 0.0888677, 0, -1], [6, 651.4825744628906, 375.9959411621094, 0.07525091, 0, -1], [6, 651.6148681640625, 375.6611328125, 0.088594116, 0, -1], [6, 651.9576873779297, 375.28173828125, 0.11611727, 0, -1], [6, 652.1060485839844, 375.70550537109375, 0.09473967, 0, -1]]
NEW VALUES! Detected: 33 and 
 [[6, 647.3389434814453, 376.13653564453125, 0.08803398, 0, -1], [6, 647.36572265625, 375.9067687988281, 0.11567371, 0, -1], [6, 648.0570373535156, 375.78338623046875, 0.07661197, 0, -1], [6, 648.5107727050781, 375.3638000488281, 0.077067174, 0, -1], [6, 648.5109100341797, 376.50030517578125, 0.075924195, 0, -1], [6, 648.5685882568359, 375.537841796875, 0.08202165, 0, -1], [6, 648.6469573974609, 376.68389892578125, 0.117610805, 0, -1], [6, 648.7728881835938, 375.3678894042969, 0.09864164, 0, -1], [6, 648.9548950195312, 375.9959411621094, 0.07767384, 0, -1], [6, 649.1104431152344, 376.0246276855469, 0.07943383, 0, -1], [6, 649.1655578613281, 375.69873046875, 0.070210226, 0, -1], [6, 649.2437438964844, 376.21075439453125, 0.09546792, 0, -1], [6, 649.6714324951172, 376.0221862792969, 0.10055214, 0, -1], [6, 649.7161102294922, 375.8908386230469, 0.10413292, 0, -1], [6, 649.9029235839844, 376.2012939453125, 0.0805364, 0, -1], [6, 649.9889831542969, 375.43035888671875, 0.07704686, 0, -1], [6, 650.0988464355469, 376.0233459472656, 0.12718163, 0, -1], [6, 650.3117523193359, 376.6604309082031, 0.09227498, 0, -1], [6, 650.3615112304688, 376.2965087890625, 0.084789515, 0, -1], [6, 650.37890625, 376.4962158203125, 0.0811217, 0, -1], [6, 650.3940124511719, 376.34033203125, 0.08781468, 0, -1], [6, 650.6377716064453, 375.8293762207031, 0.099306785, 0, -1], [6, 650.7872314453125, 375.45269775390625, 0.09016933, 0, -1], [6, 650.9346313476562, 375.2642517089844, 0.0955282, 0, -1], [6, 650.9523010253906, 376.56280517578125, 0.094968565, 0, -1], [6, 650.9680480957031, 376.6880187988281, 0.08503227, 0, -1], [6, 650.9694213867188, 375.572021484375, 0.08672641, 0, -1], [6, 651.1239624023438, 376.15972900390625, 0.084965155, 0, -1], [6, 651.2606964111328, 375.63934326171875, 0.0888677, 0, -1], [6, 651.4825744628906, 375.9959411621094, 0.07525091, 0, -1], [6, 651.6148681640625, 375.6611328125, 0.088594116, 0, -1], [6, 651.9576873779297, 375.28173828125, 0.11611727, 0, -1], [6, 652.1060485839844, 375.70550537109375, 0.09473967, 0, -1]]
NEW VALUES! Detected: 34 and 
 [[6, 647.3389434814453, 376.13653564453125, 0.08803398, 0, -1], [6, 647.36572265625, 375.9067687988281, 0.11567371, 0, -1], [6, 648.0570373535156, 375.78338623046875, 0.07661197, 0, -1], [6, 648.5107727050781, 375.3638000488281, 0.077067174, 0, -1], [6, 648.5109100341797, 376.50030517578125, 0.075924195, 0, -1], [6, 648.5685882568359, 375.537841796875, 0.08202165, 0, -1], [6, 648.6469573974609, 376.68389892578125, 0.117610805, 0, -1], [6, 648.7728881835938, 375.3678894042969, 0.09864164, 0, -1], [6, 648.9548950195312, 375.9959411621094, 0.07767384, 0, -1], [6, 649.1104431152344, 376.0246276855469, 0.07943383, 0, -1], [6, 649.1655578613281, 375.69873046875, 0.070210226, 0, -1], [6, 649.2437438964844, 376.21075439453125, 0.09546792, 0, -1], [6, 649.6714324951172, 376.0221862792969, 0.10055214, 0, -1], [6, 649.7161102294922, 375.8908386230469, 0.10413292, 0, -1], [6, 649.8257446289062, 376.6667175292969, 0.09099664, 0, -1], [6, 649.9029235839844, 376.2012939453125, 0.0805364, 0, -1], [6, 649.9889831542969, 375.43035888671875, 0.07704686, 0, -1], [6, 650.0988464355469, 376.0233459472656, 0.12718163, 0, -1], [6, 650.3117523193359, 376.6604309082031, 0.09227498, 0, -1], [6, 650.3615112304688, 376.2965087890625, 0.084789515, 0, -1], [6, 650.37890625, 376.4962158203125, 0.0811217, 0, -1], [6, 650.3940124511719, 376.34033203125, 0.08781468, 0, -1], [6, 650.6377716064453, 375.8293762207031, 0.099306785, 0, -1], [6, 650.7872314453125, 375.45269775390625, 0.09016933, 0, -1], [6, 650.9346313476562, 375.2642517089844, 0.0955282, 0, -1], [6, 650.9523010253906, 376.56280517578125, 0.094968565, 0, -1], [6, 650.9680480957031, 376.6880187988281, 0.08503227, 0, -1], [6, 650.9694213867188, 375.572021484375, 0.08672641, 0, -1], [6, 651.1239624023438, 376.15972900390625, 0.084965155, 0, -1], [6, 651.2606964111328, 375.63934326171875, 0.0888677, 0, -1], [6, 651.4825744628906, 375.9959411621094, 0.07525091, 0, -1], [6, 651.6148681640625, 375.6611328125, 0.088594116, 0, -1], [6, 651.9576873779297, 375.28173828125, 0.11611727, 0, -1], [6, 652.1060485839844, 375.70550537109375, 0.09473967, 0, -1]]
NEW VALUES! Detected: 35 and 
 [[6, 647.3389434814453, 376.13653564453125, 0.08803398, 0, -1], [6, 647.36572265625, 375.9067687988281, 0.11567371, 0, -1], [6, 648.0570373535156, 375.78338623046875, 0.07661197, 0, -1], [6, 648.5107727050781, 375.3638000488281, 0.077067174, 0, -1], [6, 648.5109100341797, 376.50030517578125, 0.075924195, 0, -1], [6, 648.5685882568359, 375.537841796875, 0.08202165, 0, -1], [6, 648.6469573974609, 376.68389892578125, 0.117610805, 0, -1], [6, 648.7728881835938, 375.3678894042969, 0.09864164, 0, -1], [6, 648.9548950195312, 375.9959411621094, 0.07767384, 0, -1], [6, 649.1104431152344, 376.0246276855469, 0.07943383, 0, -1], [6, 649.1655578613281, 375.69873046875, 0.070210226, 0, -1], [6, 649.2437438964844, 376.21075439453125, 0.09546792, 0, -1], [6, 649.2566528320312, 375.6946716308594, 0.10777872, 0, -1], [6, 649.6714324951172, 376.0221862792969, 0.10055214, 0, -1], [6, 649.7161102294922, 375.8908386230469, 0.10413292, 0, -1], [6, 649.8257446289062, 376.6667175292969, 0.09099664, 0, -1], [6, 649.9029235839844, 376.2012939453125, 0.0805364, 0, -1], [6, 649.9889831542969, 375.43035888671875, 0.07704686, 0, -1], [6, 650.0988464355469, 376.0233459472656, 0.12718163, 0, -1], [6, 650.3117523193359, 376.6604309082031, 0.09227498, 0, -1], [6, 650.3615112304688, 376.2965087890625, 0.084789515, 0, -1], [6, 650.37890625, 376.4962158203125, 0.0811217, 0, -1], [6, 650.3940124511719, 376.34033203125, 0.08781468, 0, -1], [6, 650.6377716064453, 375.8293762207031, 0.099306785, 0, -1], [6, 650.7872314453125, 375.45269775390625, 0.09016933, 0, -1], [6, 650.9346313476562, 375.2642517089844, 0.0955282, 0, -1], [6, 650.9523010253906, 376.56280517578125, 0.094968565, 0, -1], [6, 650.9680480957031, 376.6880187988281, 0.08503227, 0, -1], [6, 650.9694213867188, 375.572021484375, 0.08672641, 0, -1], [6, 651.1239624023438, 376.15972900390625, 0.084965155, 0, -1], [6, 651.2606964111328, 375.63934326171875, 0.0888677, 0, -1], [6, 651.4825744628906, 375.9959411621094, 0.07525091, 0, -1], [6, 651.6148681640625, 375.6611328125, 0.088594116, 0, -1], [6, 651.9576873779297, 375.28173828125, 0.11611727, 0, -1], [6, 652.1060485839844, 375.70550537109375, 0.09473967, 0, -1]]
NEW VALUES! Detected: 36 and 
 [[6, 647.3389434814453, 376.13653564453125, 0.08803398, 0, -1], [6, 647.36572265625, 375.9067687988281, 0.11567371, 0, -1], [6, 648.0570373535156, 375.78338623046875, 0.07661197, 0, -1], [6, 648.5107727050781, 375.3638000488281, 0.077067174, 0, -1], [6, 648.5109100341797, 376.50030517578125, 0.075924195, 0, -1], [6, 648.5685882568359, 375.537841796875, 0.08202165, 0, -1], [6, 648.6469573974609, 376.68389892578125, 0.117610805, 0, -1], [6, 648.7728881835938, 375.3678894042969, 0.09864164, 0, -1], [6, 648.9548950195312, 375.9959411621094, 0.07767384, 0, -1], [6, 649.1104431152344, 376.0246276855469, 0.07943383, 0, -1], [6, 649.1655578613281, 375.69873046875, 0.070210226, 0, -1], [6, 649.2437438964844, 376.21075439453125, 0.09546792, 0, -1], [6, 649.2566528320312, 375.6946716308594, 0.10777872, 0, -1], [6, 649.6714324951172, 376.0221862792969, 0.10055214, 0, -1], [6, 649.7161102294922, 375.8908386230469, 0.10413292, 0, -1], [6, 649.8257446289062, 376.6667175292969, 0.09099664, 0, -1], [6, 649.9029235839844, 376.2012939453125, 0.0805364, 0, -1], [6, 649.9889831542969, 375.43035888671875, 0.07704686, 0, -1], [6, 650.0072021484375, 375.916259765625, 0.06536176, 0, -1], [6, 650.0988464355469, 376.0233459472656, 0.12718163, 0, -1], [6, 650.3117523193359, 376.6604309082031, 0.09227498, 0, -1], [6, 650.3615112304688, 376.2965087890625, 0.084789515, 0, -1], [6, 650.37890625, 376.4962158203125, 0.0811217, 0, -1], [6, 650.3940124511719, 376.34033203125, 0.08781468, 0, -1], [6, 650.6377716064453, 375.8293762207031, 0.099306785, 0, -1], [6, 650.7872314453125, 375.45269775390625, 0.09016933, 0, -1], [6, 650.9346313476562, 375.2642517089844, 0.0955282, 0, -1], [6, 650.9523010253906, 376.56280517578125, 0.094968565, 0, -1], [6, 650.9680480957031, 376.6880187988281, 0.08503227, 0, -1], [6, 650.9694213867188, 375.572021484375, 0.08672641, 0, -1], [6, 651.1239624023438, 376.15972900390625, 0.084965155, 0, -1], [6, 651.2606964111328, 375.63934326171875, 0.0888677, 0, -1], [6, 651.4825744628906, 375.9959411621094, 0.07525091, 0, -1], [6, 651.6148681640625, 375.6611328125, 0.088594116, 0, -1], [6, 651.9576873779297, 375.28173828125, 0.11611727, 0, -1], [6, 652.1060485839844, 375.70550537109375, 0.09473967, 0, -1]]
NEW VALUES! Detected: 37 and 
 [[6, 647.3389434814453, 376.13653564453125, 0.08803398, 0, -1], [6, 647.36572265625, 375.9067687988281, 0.11567371, 0, -1], [6, 648.0570373535156, 375.78338623046875, 0.07661197, 0, -1], [6, 648.5107727050781, 375.3638000488281, 0.077067174, 0, -1], [6, 648.5109100341797, 376.50030517578125, 0.075924195, 0, -1], [6, 648.5685882568359, 375.537841796875, 0.08202165, 0, -1], [6, 648.6469573974609, 376.68389892578125, 0.117610805, 0, -1], [6, 648.7728881835938, 375.3678894042969, 0.09864164, 0, -1], [6, 648.9548950195312, 375.9959411621094, 0.07767384, 0, -1], [6, 649.1104431152344, 376.0246276855469, 0.07943383, 0, -1], [6, 649.1655578613281, 375.69873046875, 0.070210226, 0, -1], [6, 649.2437438964844, 376.21075439453125, 0.09546792, 0, -1], [6, 649.2566528320312, 375.6946716308594, 0.10777872, 0, -1], [6, 649.6714324951172, 376.0221862792969, 0.10055214, 0, -1], [6, 649.7161102294922, 375.8908386230469, 0.10413292, 0, -1], [6, 649.8257446289062, 376.6667175292969, 0.09099664, 0, -1], [6, 649.9029235839844, 376.2012939453125, 0.0805364, 0, -1], [6, 649.9889831542969, 375.43035888671875, 0.07704686, 0, -1], [6, 650.0072021484375, 375.916259765625, 0.06536176, 0, -1], [6, 650.0988464355469, 376.0233459472656, 0.12718163, 0, -1], [6, 650.2104949951172, 376.65301513671875, 0.09137234, 0, -1], [6, 650.3117523193359, 376.6604309082031, 0.09227498, 0, -1], [6, 650.3615112304688, 376.2965087890625, 0.084789515, 0, -1], [6, 650.37890625, 376.4962158203125, 0.0811217, 0, -1], [6, 650.3940124511719, 376.34033203125, 0.08781468, 0, -1], [6, 650.6377716064453, 375.8293762207031, 0.099306785, 0, -1], [6, 650.7872314453125, 375.45269775390625, 0.09016933, 0, -1], [6, 650.9346313476562, 375.2642517089844, 0.0955282, 0, -1], [6, 650.9523010253906, 376.56280517578125, 0.094968565, 0, -1], [6, 650.9680480957031, 376.6880187988281, 0.08503227, 0, -1], [6, 650.9694213867188, 375.572021484375, 0.08672641, 0, -1], [6, 651.1239624023438, 376.15972900390625, 0.084965155, 0, -1], [6, 651.2606964111328, 375.63934326171875, 0.0888677, 0, -1], [6, 651.4825744628906, 375.9959411621094, 0.07525091, 0, -1], [6, 651.6148681640625, 375.6611328125, 0.088594116, 0, -1], [6, 651.9576873779297, 375.28173828125, 0.11611727, 0, -1], [6, 652.1060485839844, 375.70550537109375, 0.09473967, 0, -1]]
NEW VALUES! Detected: 38 and 
 [[6, 647.3389434814453, 376.13653564453125, 0.08803398, 0, -1], [6, 647.36572265625, 375.9067687988281, 0.11567371, 0, -1], [6, 648.0570373535156, 375.78338623046875, 0.07661197, 0, -1], [6, 648.5107727050781, 375.3638000488281, 0.077067174, 0, -1], [6, 648.5109100341797, 376.50030517578125, 0.075924195, 0, -1], [6, 648.5685882568359, 375.537841796875, 0.08202165, 0, -1], [6, 648.6469573974609, 376.68389892578125, 0.117610805, 0, -1], [6, 648.7728881835938, 375.3678894042969, 0.09864164, 0, -1], [6, 648.9548950195312, 375.9959411621094, 0.07767384, 0, -1], [6, 649.1104431152344, 376.0246276855469, 0.07943383, 0, -1], [6, 649.1655578613281, 375.69873046875, 0.070210226, 0, -1], [6, 649.2437438964844, 376.21075439453125, 0.09546792, 0, -1], [6, 649.2566528320312, 375.6946716308594, 0.10777872, 0, -1], [6, 649.6714324951172, 376.0221862792969, 0.10055214, 0, -1], [6, 649.7161102294922, 375.8908386230469, 0.10413292, 0, -1], [6, 649.8257446289062, 376.6667175292969, 0.09099664, 0, -1], [6, 649.9029235839844, 376.2012939453125, 0.0805364, 0, -1], [6, 649.9889831542969, 375.43035888671875, 0.07704686, 0, -1], [6, 650.0072021484375, 375.916259765625, 0.06536176, 0, -1], [6, 650.0988464355469, 376.0233459472656, 0.12718163, 0, -1], [6, 650.2104949951172, 376.65301513671875, 0.09137234, 0, -1], [6, 650.3117523193359, 376.6604309082031, 0.09227498, 0, -1], [6, 650.3615112304688, 376.2965087890625, 0.084789515, 0, -1], [6, 650.37890625, 376.4962158203125, 0.0811217, 0, -1], [6, 650.3940124511719, 376.34033203125, 0.08781468, 0, -1], [6, 650.6377716064453, 375.8293762207031, 0.099306785, 0, -1], [6, 650.7872314453125, 375.45269775390625, 0.09016933, 0, -1], [6, 650.9346313476562, 375.2642517089844, 0.0955282, 0, -1], [6, 650.9523010253906, 376.56280517578125, 0.094968565, 0, -1], [6, 650.9680480957031, 376.6880187988281, 0.08503227, 0, -1], [6, 650.9694213867188, 375.572021484375, 0.08672641, 0, -1], [6, 651.1239624023438, 376.15972900390625, 0.084965155, 0, -1], [6, 651.2606964111328, 375.63934326171875, 0.0888677, 0, -1], [6, 651.4825744628906, 375.9959411621094, 0.07525091, 0, -1], [6, 651.6148681640625, 375.6611328125, 0.088594116, 0, -1], [6, 651.9576873779297, 375.28173828125, 0.11611727, 0, -1], [6, 652.0446624755859, 374.6233215332031, 0.08551659, 0, -1], [6, 652.1060485839844, 375.70550537109375, 0.09473967, 0, -1]]
NEW VALUES! Detected: 39 and 
 [[6, 647.3389434814453, 376.13653564453125, 0.08803398, 0, -1], [6, 647.36572265625, 375.9067687988281, 0.11567371, 0, -1], [6, 648.0570373535156, 375.78338623046875, 0.07661197, 0, -1], [6, 648.5107727050781, 375.3638000488281, 0.077067174, 0, -1], [6, 648.5109100341797, 376.50030517578125, 0.075924195, 0, -1], [6, 648.5685882568359, 375.537841796875, 0.08202165, 0, -1], [6, 648.6469573974609, 376.68389892578125, 0.117610805, 0, -1], [6, 648.7728881835938, 375.3678894042969, 0.09864164, 0, -1], [6, 648.9548950195312, 375.9959411621094, 0.07767384, 0, -1], [6, 649.1104431152344, 376.0246276855469, 0.07943383, 0, -1], [6, 649.1655578613281, 375.69873046875, 0.070210226, 0, -1], [6, 649.2437438964844, 376.21075439453125, 0.09546792, 0, -1], [6, 649.2566528320312, 375.6946716308594, 0.10777872, 0, -1], [6, 649.6093139648438, 376.49468994140625, 0.08204144, 0, -1], [6, 649.6714324951172, 376.0221862792969, 0.10055214, 0, -1], [6, 649.7161102294922, 375.8908386230469, 0.10413292, 0, -1], [6, 649.8257446289062, 376.6667175292969, 0.09099664, 0, -1], [6, 649.9029235839844, 376.2012939453125, 0.0805364, 0, -1], [6, 649.9889831542969, 375.43035888671875, 0.07704686, 0, -1], [6, 650.0072021484375, 375.916259765625, 0.06536176, 0, -1], [6, 650.0988464355469, 376.0233459472656, 0.12718163, 0, -1], [6, 650.2104949951172, 376.65301513671875, 0.09137234, 0, -1], [6, 650.3117523193359, 376.6604309082031, 0.09227498, 0, -1], [6, 650.3615112304688, 376.2965087890625, 0.084789515, 0, -1], [6, 650.37890625, 376.4962158203125, 0.0811217, 0, -1], [6, 650.3940124511719, 376.34033203125, 0.08781468, 0, -1], [6, 650.6377716064453, 375.8293762207031, 0.099306785, 0, -1], [6, 650.7872314453125, 375.45269775390625, 0.09016933, 0, -1], [6, 650.9346313476562, 375.2642517089844, 0.0955282, 0, -1], [6, 650.9523010253906, 376.56280517578125, 0.094968565, 0, -1], [6, 650.9680480957031, 376.6880187988281, 0.08503227, 0, -1], [6, 650.9694213867188, 375.572021484375, 0.08672641, 0, -1], [6, 651.1239624023438, 376.15972900390625, 0.084965155, 0, -1], [6, 651.2606964111328, 375.63934326171875, 0.0888677, 0, -1], [6, 651.4825744628906, 375.9959411621094, 0.07525091, 0, -1], [6, 651.6148681640625, 375.6611328125, 0.088594116, 0, -1], [6, 651.9576873779297, 375.28173828125, 0.11611727, 0, -1], [6, 652.0446624755859, 374.6233215332031, 0.08551659, 0, -1], [6, 652.1060485839844, 375.70550537109375, 0.09473967, 0, -1]]
NEW VALUES! Detected: 40 and 
 [[6, 647.3389434814453, 376.13653564453125, 0.08803398, 0, -1], [6, 647.36572265625, 375.9067687988281, 0.11567371, 0, -1], [6, 648.0570373535156, 375.78338623046875, 0.07661197, 0, -1], [6, 648.5107727050781, 375.3638000488281, 0.077067174, 0, -1], [6, 648.5109100341797, 376.50030517578125, 0.075924195, 0, -1], [6, 648.5685882568359, 375.537841796875, 0.08202165, 0, -1], [6, 648.6469573974609, 376.68389892578125, 0.117610805, 0, -1], [6, 648.7728881835938, 375.3678894042969, 0.09864164, 0, -1], [6, 648.9548950195312, 375.9959411621094, 0.07767384, 0, -1], [6, 649.1104431152344, 376.0246276855469, 0.07943383, 0, -1], [6, 649.1655578613281, 375.69873046875, 0.070210226, 0, -1], [6, 649.2437438964844, 376.21075439453125, 0.09546792, 0, -1], [6, 649.2566528320312, 375.6946716308594, 0.10777872, 0, -1], [6, 649.5635375976562, 376.0583190917969, 0.09800063, 0, -1], [6, 649.6093139648438, 376.49468994140625, 0.08204144, 0, -1], [6, 649.6714324951172, 376.0221862792969, 0.10055214, 0, -1], [6, 649.7161102294922, 375.8908386230469, 0.10413292, 0, -1], [6, 649.8257446289062, 376.6667175292969, 0.09099664, 0, -1], [6, 649.9029235839844, 376.2012939453125, 0.0805364, 0, -1], [6, 649.9889831542969, 375.43035888671875, 0.07704686, 0, -1], [6, 650.0072021484375, 375.916259765625, 0.06536176, 0, -1], [6, 650.0988464355469, 376.0233459472656, 0.12718163, 0, -1], [6, 650.2104949951172, 376.65301513671875, 0.09137234, 0, -1], [6, 650.3117523193359, 376.6604309082031, 0.09227498, 0, -1], [6, 650.3615112304688, 376.2965087890625, 0.084789515, 0, -1], [6, 650.37890625, 376.4962158203125, 0.0811217, 0, -1], [6, 650.3940124511719, 376.34033203125, 0.08781468, 0, -1], [6, 650.6377716064453, 375.8293762207031, 0.099306785, 0, -1], [6, 650.7872314453125, 375.45269775390625, 0.09016933, 0, -1], [6, 650.9346313476562, 375.2642517089844, 0.0955282, 0, -1], [6, 650.9523010253906, 376.56280517578125, 0.094968565, 0, -1], [6, 650.9680480957031, 376.6880187988281, 0.08503227, 0, -1], [6, 650.9694213867188, 375.572021484375, 0.08672641, 0, -1], [6, 651.1239624023438, 376.15972900390625, 0.084965155, 0, -1], [6, 651.2606964111328, 375.63934326171875, 0.0888677, 0, -1], [6, 651.4825744628906, 375.9959411621094, 0.07525091, 0, -1], [6, 651.6148681640625, 375.6611328125, 0.088594116, 0, -1], [6, 651.9576873779297, 375.28173828125, 0.11611727, 0, -1], [6, 652.0446624755859, 374.6233215332031, 0.08551659, 0, -1], [6, 652.1060485839844, 375.70550537109375, 0.09473967, 0, -1]]
NEW VALUES! Detected: 41 and 
 [[6, 647.3389434814453, 376.13653564453125, 0.08803398, 0, -1], [6, 647.36572265625, 375.9067687988281, 0.11567371, 0, -1], [6, 648.0570373535156, 375.78338623046875, 0.07661197, 0, -1], [6, 648.5107727050781, 375.3638000488281, 0.077067174, 0, -1], [6, 648.5109100341797, 376.50030517578125, 0.075924195, 0, -1], [6, 648.5685882568359, 375.537841796875, 0.08202165, 0, -1], [6, 648.6469573974609, 376.68389892578125, 0.117610805, 0, -1], [6, 648.7728881835938, 375.3678894042969, 0.09864164, 0, -1], [6, 648.9548950195312, 375.9959411621094, 0.07767384, 0, -1], [6, 649.1104431152344, 376.0246276855469, 0.07943383, 0, -1], [6, 649.1655578613281, 375.69873046875, 0.070210226, 0, -1], [6, 649.2437438964844, 376.21075439453125, 0.09546792, 0, -1], [6, 649.2566528320312, 375.6946716308594, 0.10777872, 0, -1], [6, 649.5635375976562, 376.0583190917969, 0.09800063, 0, -1], [6, 649.6093139648438, 376.49468994140625, 0.08204144, 0, -1], [6, 649.6714324951172, 376.0221862792969, 0.10055214, 0, -1], [6, 649.7161102294922, 375.8908386230469, 0.10413292, 0, -1], [6, 649.8257446289062, 376.6667175292969, 0.09099664, 0, -1], [6, 649.9029235839844, 376.2012939453125, 0.0805364, 0, -1], [6, 649.9889831542969, 375.43035888671875, 0.07704686, 0, -1], [6, 650.0072021484375, 375.916259765625, 0.06536176, 0, -1], [6, 650.0988464355469, 376.0233459472656, 0.12718163, 0, -1], [6, 650.2104949951172, 376.65301513671875, 0.09137234, 0, -1], [6, 650.3117523193359, 376.6604309082031, 0.09227498, 0, -1], [6, 650.3615112304688, 376.2965087890625, 0.084789515, 0, -1], [6, 650.37890625, 376.4962158203125, 0.0811217, 0, -1], [6, 650.3940124511719, 376.34033203125, 0.08781468, 0, -1], [6, 650.6377716064453, 375.8293762207031, 0.099306785, 0, -1], [6, 650.7872314453125, 375.45269775390625, 0.09016933, 0, -1], [6, 650.9346313476562, 375.2642517089844, 0.0955282, 0, -1], [6, 650.9523010253906, 376.56280517578125, 0.094968565, 0, -1], [6, 650.9680480957031, 376.6880187988281, 0.08503227, 0, -1], [6, 650.9694213867188, 375.572021484375, 0.08672641, 0, -1], [6, 651.1239624023438, 376.15972900390625, 0.084965155, 0, -1], [6, 651.2606964111328, 375.63934326171875, 0.0888677, 0, -1], [6, 651.4825744628906, 375.9959411621094, 0.07525091, 0, -1], [6, 651.6148681640625, 375.6611328125, 0.088594116, 0, -1], [6, 651.8160552978516, 376.3945617675781, 0.09688389, 0, -1], [6, 651.9576873779297, 375.28173828125, 0.11611727, 0, -1], [6, 652.0446624755859, 374.6233215332031, 0.08551659, 0, -1], [6, 652.1060485839844, 375.70550537109375, 0.09473967, 0, -1]]
NEW VALUES! Detected: 42 and 
 [[6, 647.3389434814453, 376.13653564453125, 0.08803398, 0, -1], [6, 647.36572265625, 375.9067687988281, 0.11567371, 0, -1], [6, 648.0570373535156, 375.78338623046875, 0.07661197, 0, -1], [6, 648.5107727050781, 375.3638000488281, 0.077067174, 0, -1], [6, 648.5109100341797, 376.50030517578125, 0.075924195, 0, -1], [6, 648.5685882568359, 375.537841796875, 0.08202165, 0, -1], [6, 648.6469573974609, 376.68389892578125, 0.117610805, 0, -1], [6, 648.7728881835938, 375.3678894042969, 0.09864164, 0, -1], [6, 648.9548950195312, 375.9959411621094, 0.07767384, 0, -1], [6, 649.1104431152344, 376.0246276855469, 0.07943383, 0, -1], [6, 649.1655578613281, 375.69873046875, 0.070210226, 0, -1], [6, 649.2437438964844, 376.21075439453125, 0.09546792, 0, -1], [6, 649.2566528320312, 375.6946716308594, 0.10777872, 0, -1], [6, 649.5635375976562, 376.0583190917969, 0.09800063, 0, -1], [6, 649.6093139648438, 376.49468994140625, 0.08204144, 0, -1], [6, 649.6714324951172, 376.0221862792969, 0.10055214, 0, -1], [6, 649.7161102294922, 375.8908386230469, 0.10413292, 0, -1], [6, 649.8257446289062, 376.6667175292969, 0.09099664, 0, -1], [6, 649.9029235839844, 376.2012939453125, 0.0805364, 0, -1], [6, 649.9889831542969, 375.43035888671875, 0.07704686, 0, -1], [6, 650.0072021484375, 375.916259765625, 0.06536176, 0, -1], [6, 650.0242767333984, 376.2443542480469, 0.085700855, 0, -1], [6, 650.0988464355469, 376.0233459472656, 0.12718163, 0, -1], [6, 650.2104949951172, 376.65301513671875, 0.09137234, 0, -1], [6, 650.3117523193359, 376.6604309082031, 0.09227498, 0, -1], [6, 650.3615112304688, 376.2965087890625, 0.084789515, 0, -1], [6, 650.37890625, 376.4962158203125, 0.0811217, 0, -1], [6, 650.3940124511719, 376.34033203125, 0.08781468, 0, -1], [6, 650.6377716064453, 375.8293762207031, 0.099306785, 0, -1], [6, 650.7872314453125, 375.45269775390625, 0.09016933, 0, -1], [6, 650.9346313476562, 375.2642517089844, 0.0955282, 0, -1], [6, 650.9523010253906, 376.56280517578125, 0.094968565, 0, -1], [6, 650.9680480957031, 376.6880187988281, 0.08503227, 0, -1], [6, 650.9694213867188, 375.572021484375, 0.08672641, 0, -1], [6, 651.1239624023438, 376.15972900390625, 0.084965155, 0, -1], [6, 651.2606964111328, 375.63934326171875, 0.0888677, 0, -1], [6, 651.4825744628906, 375.9959411621094, 0.07525091, 0, -1], [6, 651.6148681640625, 375.6611328125, 0.088594116, 0, -1], [6, 651.8160552978516, 376.3945617675781, 0.09688389, 0, -1], [6, 651.9576873779297, 375.28173828125, 0.11611727, 0, -1], [6, 652.0446624755859, 374.6233215332031, 0.08551659, 0, -1], [6, 652.1060485839844, 375.70550537109375, 0.09473967, 0, -1]]
^CNEW VALUES! Detected: 43 and 
 [[6, 647.3389434814453, 376.13653564453125, 0.08803398, 0, -1], [6, 647.36572265625, 375.9067687988281, 0.11567371, 0, -1], [6, 648.0570373535156, 375.78338623046875, 0.07661197, 0, -1], [6, 648.5107727050781, 375.3638000488281, 0.077067174, 0, -1], [6, 648.5109100341797, 376.50030517578125, 0.075924195, 0, -1], [6, 648.5685882568359, 375.537841796875, 0.08202165, 0, -1], [6, 648.6469573974609, 376.68389892578125, 0.117610805, 0, -1], [6, 648.7728881835938, 375.3678894042969, 0.09864164, 0, -1], [6, 648.9548950195312, 375.9959411621094, 0.07767384, 0, -1], [6, 649.1104431152344, 376.0246276855469, 0.07943383, 0, -1], [6, 649.1655578613281, 375.69873046875, 0.070210226, 0, -1], [6, 649.2437438964844, 376.21075439453125, 0.09546792, 0, -1], [6, 649.2566528320312, 375.6946716308594, 0.10777872, 0, -1], [6, 649.5635375976562, 376.0583190917969, 0.09800063, 0, -1], [6, 649.6093139648438, 376.49468994140625, 0.08204144, 0, -1], [6, 649.6714324951172, 376.0221862792969, 0.10055214, 0, -1], [6, 649.7161102294922, 375.8908386230469, 0.10413292, 0, -1], [6, 649.8257446289062, 376.6667175292969, 0.09099664, 0, -1], [6, 649.9029235839844, 376.2012939453125, 0.0805364, 0, -1], [6, 649.9617004394531, 375.91583251953125, 0.09353989, 0, -1], [6, 649.9889831542969, 375.43035888671875, 0.07704686, 0, -1], [6, 650.0072021484375, 375.916259765625, 0.06536176, 0, -1], [6, 650.0242767333984, 376.2443542480469, 0.085700855, 0, -1], [6, 650.0988464355469, 376.0233459472656, 0.12718163, 0, -1], [6, 650.2104949951172, 376.65301513671875, 0.09137234, 0, -1], [6, 650.3117523193359, 376.6604309082031, 0.09227498, 0, -1], [6, 650.3615112304688, 376.2965087890625, 0.084789515, 0, -1], [6, 650.37890625, 376.4962158203125, 0.0811217, 0, -1], [6, 650.3940124511719, 376.34033203125, 0.08781468, 0, -1], [6, 650.6377716064453, 375.8293762207031, 0.099306785, 0, -1], [6, 650.7872314453125, 375.45269775390625, 0.09016933, 0, -1], [6, 650.9346313476562, 375.2642517089844, 0.0955282, 0, -1], [6, 650.9523010253906, 376.56280517578125, 0.094968565, 0, -1], [6, 650.9680480957031, 376.6880187988281, 0.08503227, 0, -1], [6, 650.9694213867188, 375.572021484375, 0.08672641, 0, -1], [6, 651.1239624023438, 376.15972900390625, 0.084965155, 0, -1], [6, 651.2606964111328, 375.63934326171875, 0.0888677, 0, -1], [6, 651.4825744628906, 375.9959411621094, 0.07525091, 0, -1], [6, 651.6148681640625, 375.6611328125, 0.088594116, 0, -1], [6, 651.8160552978516, 376.3945617675781, 0.09688389, 0, -1], [6, 651.9576873779297, 375.28173828125, 0.11611727, 0, -1], [6, 652.0446624755859, 374.6233215332031, 0.08551659, 0, -1], [6, 652.1060485839844, 375.70550537109375, 0.09473967, 0, -1]]
robot@robot:~/BASHFUL_WS$ ^C

